### CLIC 2020 Test ###
bpp = [0.004632785457195105, 0.007841674254110483, 0.012867732209623487, 0.020021557785074497, 0.029576414578080735]
psnr = [22.30119, 23.56258, 24.67079, 25.55684, 26.19179]
dists = [0.10524, 0.08672, 0.07219, 0.06250, 0.05642]
msssim = [0.74734, 0.79486, 0.83580, 0.86618, 0.88741]
lpips = [0.25422, 0.20288, 0.16299, 0.13460, 0.11645]
fid = [5.73, 4.59, 3.64, 3.03, 2.75]
kid = [0.0006241, 0.0005049, 0.0003212, 0.0002618, 0.0002494]

### DIV2K Val ###
bpp = [0.005558406570926309, 0.009859055443666876, 0.01651142162270844, 0.025526447901502252, 0.03676828227937221]
psnr = [19.89402, 21.09272, 22.18170, 23.06584, 23.68902]
dists = [0.10876, 0.09103, 0.07752, 0.06812, 0.06169]
msssim = [0.67144, 0.73796, 0.79451, 0.83512, 0.86191]
lpips = [0.28969, 0.23263, 0.18787, 0.15693, 0.13691]
fid = [16.86, 13.28, 10.84, 9.10, 8.08]
kid = [0.0005578, 0.0003900, 0.0001965, 0.0001798, 0.0001484]

### Kodak ###
bpp = [0.005638815152148406, 0.010108483004538963, 0.01684193774902572, 0.02602188428863883, 0.037600620882585645]
psnr = [20.00455, 21.07300, 22.04261, 22.76864, 23.29638]
msssim = [0.63740, 0.70309, 0.75975, 0.80242, 0.83231]
lpips = [0.31142, 0.24419, 0.19780, 0.16377, 0.14270]
dists = [0.13988, 0.11639, 0.10054, 0.08766, 0.08206]