### CLIC 2020 Test ###
bpp = [0.003272105344825764 , 0.00591948879371336, 0.010389360088950772, 0.01773381352677036, 0.02821342356146148]
psnr = [21.16354, 22.58472, 23.91150, 25.08380, 25.98935]
msssim = [0.70447, 0.76217, 0.81078, 0.85124, 0.88037]
lpips = [0.27180, 0.21537, 0.17219, 0.13820, 0.11501]
dists = [0.11392, 0.09455, 0.07850, 0.06473, 0.05581]
fid = [7.35, 5.29, 4.00, 2.95, 2.45]
kid = [0.0012510, 0.0007672, 0.0005089, 0.0002478, 0.0001725]

### DIV2K Val ###
bpp = [0.0036975812702439727, 0.007153356536291539, 0.01311099489685148, 0.022758923172950744, 0.03574271786026657]
psnr = [18.68003, 20.02116, 21.31084, 22.46395, 23.37440]
msssim = [0.61080, 0.69052, 0.75836, 0.81446, 0.85351]
lpips = [0.31412, 0.25145, 0.20146, 0.16138, 0.13518]
dists = [0.11868, 0.09968, 0.08419, 0.06991, 0.06118]
fid = [19.62, 14.68, 11.35, 8.93, 7.70]
kid = [0.0010406, 0.0006471, 0.0003889, 0.0001524, 0.0001199]

### Kodak ###
bpp = [0.004098086171628286, 0.007911878909605244, 0.014331782818771899, 0.024070068107297022, 0.03701802125821511]
psnr = [18.99339, 20.17073, 21.30055, 22.15809, 22.89515]
msssim = [0.58295, 0.66216, 0.72879, 0.78113, 0.82160]
lpips = [0.34155, 0.27327, 0.21539, 0.17500, 0.14680]
dists = [0.15487, 0.12743, 0.10768, 0.09150, 0.08149]